Each Task Period:[30, 30]

Task2_e2e_rcv_count, slot0~29: 3311 0 0 0 0 4 7 1428 1248 478 123 21 2 0 0 0 0 0 0 0 0 0 0 0 0 0 0 0 0 0 0
Task2_e2e_rcv_count, slot0~29: 3314 0 0 0 0 13 1 1428 1292 456 106 17 1 0 0 0 0 0 0 0 0 0 0 0 0 0 0 0 0 0 0
Task2_e2e_rcv_count, slot0~29: 3304 0 0 0 0 7 0 1424 1232 510 115 15 1 0 0 0 0 0 0 0 0 0 0 0 0 0 0 0 0 0 0
Task2_e2e_rcv_count, slot0~29: 3318 0 0 0 0 6 2 1424 1264 499 112 11 0 0 0 0 0 0 0 0 0 0 0 0 0 0 0 0 0 0 0
Task2_e2e_rcv_count, slot0~29: 3320 0 0 0 0 6 3 1400 1305 485 105 15 1 0 0 0 0 0 0 0 0 0 0 0 0 0 0 0 0 0 0
Task2_e2e_rcv_count, slot0~29: 3314 0 0 0 0 9 2 1452 1208 511 112 19 1 0 0 0 0 0 0 0 0 0 0 0 0 0 0 0 0 0 0
Task2_e2e_rcv_count, slot0~29: 3320 0 0 0 0 4 3 1469 1247 475 104 15 3 0 0 0 0 0 0 0 0 0 0 0 0 0 0 0 0 0 0
Task2_e2e_rcv_count, slot0~29: 3320 0 0 0 0 5 1 1441 1258 494 104 15 2 0 0 0 0 0 0 0 0 0 0 0 0 0 0 0 0 0 0
Task2_e2e_rcv_count, slot0~29: 3312 0 0 0 0 6 1 1481 1253 443 104 22 2 0 0 0 0 0 0 0 0 0 0 0 0 0 0 0 0 0 0
Task2_e2e_rcv_count, slot0~29: 3315 0 0 0 0 8 3 1448 1261 471 107 14 2 1 0 0 0 0 0 0 0 0 0 0 0 0 0 0 0 0 0
Task2_e2e_rcv_count, slot0~29: 3310 0 0 0 0 6 0 1478 1239 472 95 20 0 0 0 0 0 0 0 0 0 0 0 0 0 0 0 0 0 0 0
Task2_e2e_rcv_count, slot0~29: 3316 0 0 0 0 4 4 1439 1261 479 108 19 1 1 0 0 0 0 0 0 0 0 0 0 0 0 0 0 0 0 0
Task2_e2e_rcv_count, slot0~29: 3310 0 0 0 0 4 2 1434 1269 472 111 16 2 0 0 0 0 0 0 0 0 0 0 0 0 0 0 0 0 0 0
Task2_e2e_rcv_count, slot0~29: 3316 0 0 0 0 5 2 1474 1226 479 119 11 0 0 0 0 0 0 0 0 0 0 0 0 0 0 0 0 0 0 0
Task2_e2e_rcv_count, slot0~29: 3307 0 0 0 0 4 1 1486 1222 448 123 21 2 0 0 0 0 0 0 0 0 0 0 0 0 0 0 0 0 0 0
Task2_e2e_rcv_count, slot0~29: 3322 0 0 0 0 7 1 1383 1305 508 104 12 2 0 0 0 0 0 0 0 0 0 0 0 0 0 0 0 0 0 0
Task2_e2e_rcv_count, slot0~29: 3313 0 0 0 0 4 2 1387 1290 497 110 18 4 1 0 0 0 0 0 0 0 0 0 0 0 0 0 0 0 0 0
Task2_e2e_rcv_count, slot0~29: 3309 0 0 0 0 8 2 1462 1253 479 89 13 3 0 0 0 0 0 0 0 0 0 0 0 0 0 0 0 0 0 0
Task2_e2e_rcv_count, slot0~29: 3315 0 0 0 0 8 2 1440 1246 499 103 17 0 0 0 0 0 0 0 0 0 0 0 0 0 0 0 0 0 0 0
Task2_e2e_rcv_count, slot0~29: 3317 0 0 0 0 5 1 1432 1265 486 106 22 0 0 0 0 0 0 0 0 0 0 0 0 0 0 0 0 0 0 0
Task2_e2e_rcv_count, slot0~29: 3311 0 0 0 0 5 3 1471 1220 506 79 23 4 0 0 0 0 0 0 0 0 0 0 0 0 0 0 0 0 0 0
Task2_e2e_rcv_count, slot0~29: 3310 0 0 0 0 6 6 1469 1217 486 113 13 0 0 0 0 0 0 0 0 0 0 0 0 0 0 0 0 0 0 0
Task2_e2e_rcv_count, slot0~29: 3316 0 0 0 0 9 4 1424 1267 500 95 16 1 0 0 0 0 0 0 0 0 0 0 0 0 0 0 0 0 0 0
Task2_e2e_rcv_count, slot0~29: 3309 0 0 0 0 9 3 1420 1264 499 104 6 2 2 0 0 0 0 0 0 0 0 0 0 0 0 0 0 0 0 0
Task2_e2e_rcv_count, slot0~29: 3316 0 0 0 0 6 1 1428 1285 477 109 10 0 0 0 0 0 0 0 0 0 0 0 0 0 0 0 0 0 0 0
Task2_e2e_rcv_count, slot0~29: 3309 0 0 0 0 3 2 1407 1261 515 100 19 0 2 0 0 0 0 0 0 0 0 0 0 0 0 0 0 0 0 0
Task2_e2e_rcv_count, slot0~29: 3312 0 0 0 0 8 0 1431 1257 480 121 14 1 0 0 0 0 0 0 0 0 0 0 0 0 0 0 0 0 0 0
Task2_e2e_rcv_count, slot0~29: 3312 0 0 0 0 5 3 1492 1228 466 99 18 1 0 0 0 0 0 0 0 0 0 0 0 0 0 0 0 0 0 0
Task2_e2e_rcv_count, slot0~29: 3317 0 0 0 0 6 2 1429 1268 482 108 17 4 1 0 0 0 0 0 0 0 0 0 0 0 0 0 0 0 0 0
Task2_e2e_rcv_count, slot0~29: 3308 0 0 0 0 5 0 1407 1272 487 122 12 3 0 0 0 0 0 0 0 0 0 0 0 0 0 0 0 0 0 0
Task2_e2e_rcv_count, slot0~29: 3313 0 0 0 0 8 2 1451 1240 478 115 16 3 0 0 0 0 0 0 0 0 0 0 0 0 0 0 0 0 0 0
Task2_e2e_rcv_count, slot0~29: 3323 0 0 0 0 5 1 1434 1271 465 123 20 4 0 0 0 0 0 0 0 0 0 0 0 0 0 0 0 0 0 0
Task2_e2e_rcv_count, slot0~29: 3315 0 0 0 0 8 2 1476 1254 464 92 15 4 0 0 0 0 0 0 0 0 0 0 0 0 0 0 0 0 0 0
Task2_e2e_rcv_count, slot0~29: 3312 0 0 0 0 6 1 1408 1252 509 114 21 1 0 0 0 0 0 0 0 0 0 0 0 0 0 0 0 0 0 0
Task2_e2e_rcv_count, slot0~29: 3320 0 0 0 0 4 3 1395 1293 505 106 12 2 0 0 0 0 0 0 0 0 0 0 0 0 0 0 0 0 0 0
Task2_e2e_rcv_count, slot0~29: 3317 0 0 0 0 5 3 1446 1245 505 94 15 3 1 0 0 0 0 0 0 0 0 0 0 0 0 0 0 0 0 0
Task2_e2e_rcv_count, slot0~29: 3306 0 0 0 0 10 0 1425 1268 473 110 17 2 1 0 0 0 0 0 0 0 0 0 0 0 0 0 0 0 0 0
Task2_e2e_rcv_count, slot0~29: 3313 0 0 0 0 9 2 1406 1289 472 115 17 3 0 0 0 0 0 0 0 0 0 0 0 0 0 0 0 0 0 0
Task2_e2e_rcv_count, slot0~29: 3314 0 0 0 0 6 3 1420 1275 481 113 14 2 0 0 0 0 0 0 0 0 0 0 0 0 0 0 0 0 0 0
Task2_e2e_rcv_count, slot0~29: 3314 0 0 0 0 4 4 1406 1265 502 112 17 3 1 0 0 0 0 0 0 0 0 0 0 0 0 0 0 0 0 0
Task2_e2e_rcv_count, slot0~29: 3316 0 0 0 0 3 2 1432 1278 474 107 16 4 0 0 0 0 0 0 0 0 0 0 0 0 0 0 0 0 0 0
Task2_e2e_rcv_count, slot0~29: 3311 0 0 0 0 3 1 1406 1286 499 104 11 1 0 0 0 0 0 0 0 0 0 0 0 0 0 0 0 0 0 0
Task2_e2e_rcv_count, slot0~29: 3315 0 0 0 0 9 1 1440 1289 447 112 15 2 0 0 0 0 0 0 0 0 0 0 0 0 0 0 0 0 0 0
Task2_e2e_rcv_count, slot0~29: 3322 0 0 0 0 7 1 1404 1288 492 110 17 2 1 0 0 0 0 0 0 0 0 0 0 0 0 0 0 0 0 0
Task2_e2e_rcv_count, slot0~29: 3317 0 0 0 0 4 4 1412 1283 488 106 19 1 0 0 0 0 0 0 0 0 0 0 0 0 0 0 0 0 0 0
Task2_e2e_rcv_count, slot0~29: 3316 0 0 0 0 2 0 1456 1234 489 114 21 0 0 0 0 0 0 0 0 0 0 0 0 0 0 0 0 0 0 0
Task2_e2e_rcv_count, slot0~29: 3312 0 0 0 0 4 3 1458 1257 467 98 21 4 0 0 0 0 0 0 0 0 0 0 0 0 0 0 0 0 0 0
Task2_e2e_rcv_count, slot0~29: 3311 0 0 0 0 5 2 1391 1273 505 118 12 5 0 0 0 0 0 0 0 0 0 0 0 0 0 0 0 0 0 0
Task2_e2e_rcv_count, slot0~29: 3314 0 0 0 0 4 2 1409 1281 486 111 17 4 0 0 0 0 0 0 0 0 0 0 0 0 0 0 0 0 0 0
Task2_e2e_rcv_count, slot0~29: 3315 0 0 0 0 4 0 1421 1261 478 130 19 1 1 0 0 0 0 0 0 0 0 0 0 0 0 0 0 0 0 0
Task2_e2e_rcv_count, slot0~29: 3315 0 0 0 0 7 3 1477 1214 489 108 17 0 0 0 0 0 0 0 0 0 0 0 0 0 0 0 0 0 0 0
Task2_e2e_rcv_count, slot0~29: 3316 0 0 0 0 4 4 1430 1279 474 114 11 0 0 0 0 0 0 0 0 0 0 0 0 0 0 0 0 0 0 0
Task2_e2e_rcv_count, slot0~29: 3315 0 0 0 0 5 3 1437 1246 502 105 15 1 1 0 0 0 0 0 0 0 0 0 0 0 0 0 0 0 0 0
Task2_e2e_rcv_count, slot0~29: 3313 0 0 0 0 7 2 1468 1261 461 102 12 0 0 0 0 0 0 0 0 0 0 0 0 0 0 0 0 0 0 0
Task2_e2e_rcv_count, slot0~29: 3310 0 0 0 0 6 3 1425 1257 495 104 17 3 0 0 0 0 0 0 0 0 0 0 0 0 0 0 0 0 0 0
Task2_e2e_rcv_count, slot0~29: 3311 0 0 0 0 6 2 1441 1254 484 105 15 3 1 0 0 0 0 0 0 0 0 0 0 0 0 0 0 0 0 0
Task2_e2e_rcv_count, slot0~29: 3308 0 0 0 0 4 3 1441 1260 489 100 11 0 0 0 0 0 0 0 0 0 0 0 0 0 0 0 0 0 0 0
Task2_e2e_rcv_count, slot0~29: 3306 0 0 0 0 3 1 1477 1227 473 102 21 1 1 0 0 0 0 0 0 0 0 0 0 0 0 0 0 0 0 0
Task2_e2e_rcv_count, slot0~29: 3318 0 0 0 0 5 2 1419 1293 489 92 15 2 1 0 0 0 0 0 0 0 0 0 0 0 0 0 0 0 0 0
Task2_e2e_rcv_count, slot0~29: 3321 0 0 0 0 10 3 1480 1216 492 104 13 3 0 0 0 0 0 0 0 0 0 0 0 0 0 0 0 0 0 0
Task2_e2e_rcv_count, slot0~29: 3323 0 0 0 0 5 0 1440 1256 476 125 18 2 1 0 0 0 0 0 0 0 0 0 0 0 0 0 0 0 0 0
Task2_e2e_rcv_count, slot0~29: 3319 0 0 0 0 5 0 1464 1236 477 118 16 3 0 0 0 0 0 0 0 0 0 0 0 0 0 0 0 0 0 0
Task2_e2e_rcv_count, slot0~29: 3311 0 0 0 0 9 4 1430 1283 452 115 16 2 0 0 0 0 0 0 0 0 0 0 0 0 0 0 0 0 0 0
Task2_e2e_rcv_count, slot0~29: 3317 0 0 0 0 5 1 1426 1265 491 109 17 3 0 0 0 0 0 0 0 0 0 0 0 0 0 0 0 0 0 0
Task2_e2e_rcv_count, slot0~29: 3309 0 0 0 0 10 1 1416 1280 482 104 15 1 0 0 0 0 0 0 0 0 0 0 0 0 0 0 0 0 0 0
Task2_e2e_rcv_count, slot0~29: 3312 0 0 0 0 3 0 1446 1228 500 110 19 6 0 0 0 0 0 0 0 0 0 0 0 0 0 0 0 0 0 0
Task2_e2e_rcv_count, slot0~29: 3316 0 0 0 0 2 2 1493 1226 479 100 14 0 0 0 0 0 0 0 0 0 0 0 0 0 0 0 0 0 0 0
Task2_e2e_rcv_count, slot0~29: 3313 0 0 0 0 9 1 1466 1258 450 112 13 3 1 0 0 0 0 0 0 0 0 0 0 0 0 0 0 0 0 0
Task2_e2e_rcv_count, slot0~29: 3317 0 0 0 0 5 4 1429 1285 477 106 11 0 0 0 0 0 0 0 0 0 0 0 0 0 0 0 0 0 0 0
Task2_e2e_rcv_count, slot0~29: 3311 0 0 0 0 5 1 1428 1266 498 98 13 2 0 0 0 0 0 0 0 0 0 0 0 0 0 0 0 0 0 0
Task2_e2e_rcv_count, slot0~29: 3313 0 0 0 0 5 3 1440 1211 509 126 19 0 0 0 0 0 0 0 0 0 0 0 0 0 0 0 0 0 0 0
Task2_e2e_rcv_count, slot0~29: 3311 0 0 0 0 4 3 1347 1306 518 114 17 1 1 0 0 0 0 0 0 0 0 0 0 0 0 0 0 0 0 0
Task2_e2e_rcv_count, slot0~29: 3315 0 0 0 0 9 3 1465 1240 480 98 19 0 1 0 0 0 0 0 0 0 0 0 0 0 0 0 0 0 0 0
Task2_e2e_rcv_count, slot0~29: 3308 0 0 0 0 3 3 1430 1255 503 100 13 0 1 0 0 0 0 0 0 0 0 0 0 0 0 0 0 0 0 0
Task2_e2e_rcv_count, slot0~29: 3307 0 0 0 0 5 1 1461 1256 466 100 16 1 1 0 0 0 0 0 0 0 0 0 0 0 0 0 0 0 0 0
Task2_e2e_rcv_count, slot0~29: 3319 0 0 0 0 10 3 1383 1307 485 114 12 5 0 0 0 0 0 0 0 0 0 0 0 0 0 0 0 0 0 0
Task2_e2e_rcv_count, slot0~29: 3314 0 0 0 0 9 2 1425 1241 497 124 15 1 0 0 0 0 0 0 0 0 0 0 0 0 0 0 0 0 0 0
Task2_e2e_rcv_count, slot0~29: 3317 0 0 0 0 10 1 1442 1233 490 118 21 2 0 0 0 0 0 0 0 0 0 0 0 0 0 0 0 0 0 0
Task2_e2e_rcv_count, slot0~29: 3312 0 0 0 0 6 0 1425 1273 474 113 17 4 0 0 0 0 0 0 0 0 0 0 0 0 0 0 0 0 0 0
Task2_e2e_rcv_count, slot0~29: 3316 0 0 0 0 3 0 1446 1276 460 111 19 1 0 0 0 0 0 0 0 0 0 0 0 0 0 0 0 0 0 0
Task2_e2e_rcv_count, slot0~29: 3317 0 0 0 0 9 2 1369 1312 500 110 13 2 0 0 0 0 0 0 0 0 0 0 0 0 0 0 0 0 0 0
Task2_e2e_rcv_count, slot0~29: 3322 0 0 0 0 6 0 1453 1238 489 121 14 1 0 0 0 0 0 0 0 0 0 0 0 0 0 0 0 0 0 0
Task2_e2e_rcv_count, slot0~29: 3313 0 0 0 0 7 1 1518 1196 466 103 20 2 0 0 0 0 0 0 0 0 0 0 0 0 0 0 0 0 0 0
Task2_e2e_rcv_count, slot0~29: 3314 0 0 0 0 5 1 1434 1268 485 101 19 1 0 0 0 0 0 0 0 0 0 0 0 0 0 0 0 0 0 0
Task2_e2e_rcv_count, slot0~29: 3319 0 0 0 0 9 6 1465 1262 482 85 9 1 0 0 0 0 0 0 0 0 0 0 0 0 0 0 0 0 0 0
Task2_e2e_rcv_count, slot0~29: 3316 0 0 0 0 1 3 1466 1234 477 119 14 2 0 0 0 0 0 0 0 0 0 0 0 0 0 0 0 0 0 0
Task2_e2e_rcv_count, slot0~29: 3320 0 0 0 0 5 1 1372 1305 508 114 14 1 0 0 0 0 0 0 0 0 0 0 0 0 0 0 0 0 0 0
Task2_e2e_rcv_count, slot0~29: 3323 0 0 0 0 9 2 1476 1214 507 99 15 0 1 0 0 0 0 0 0 0 0 0 0 0 0 0 0 0 0 0
Task2_e2e_rcv_count, slot0~29: 3309 0 0 0 0 8 1 1448 1223 491 122 12 4 0 0 0 0 0 0 0 0 0 0 0 0 0 0 0 0 0 0
Task2_e2e_rcv_count, slot0~29: 3309 0 0 0 0 4 2 1484 1196 480 116 24 3 0 0 0 0 0 0 0 0 0 0 0 0 0 0 0 0 0 0
Task2_e2e_rcv_count, slot0~29: 3316 0 0 0 0 4 1 1442 1260 478 114 15 2 0 0 0 0 0 0 0 0 0 0 0 0 0 0 0 0 0 0
Task2_e2e_rcv_count, slot0~29: 3321 0 0 0 0 6 1 1425 1292 490 92 12 3 0 0 0 0 0 0 0 0 0 0 0 0 0 0 0 0 0 0
Task2_e2e_rcv_count, slot0~29: 3318 0 0 0 0 4 3 1452 1249 495 98 16 1 0 0 0 0 0 0 0 0 0 0 0 0 0 0 0 0 0 0
Task2_e2e_rcv_count, slot0~29: 3307 0 0 0 0 7 0 1489 1224 458 109 19 1 0 0 0 0 0 0 0 0 0 0 0 0 0 0 0 0 0 0
Task2_e2e_rcv_count, slot0~29: 3314 0 0 0 0 12 3 1371 1285 506 119 16 2 0 0 0 0 0 0 0 0 0 0 0 0 0 0 0 0 0 0
Task2_e2e_rcv_count, slot0~29: 3310 0 0 0 0 5 5 1426 1244 499 113 15 2 1 0 0 0 0 0 0 0 0 0 0 0 0 0 0 0 0 0
Task2_e2e_rcv_count, slot0~29: 3312 0 0 0 0 2 2 1419 1281 484 99 23 2 0 0 0 0 0 0 0 0 0 0 0 0 0 0 0 0 0 0
Task2_e2e_rcv_count, slot0~29: 3316 0 0 0 0 6 4 1460 1257 455 115 17 2 0 0 0 0 0 0 0 0 0 0 0 0 0 0 0 0 0 0
Task2_e2e_rcv_count, slot0~29: 3317 0 0 0 0 6 5 1472 1252 459 103 20 0 0 0 0 0 0 0 0 0 0 0 0 0 0 0 0 0 0 0
Task2_e2e_rcv_count, slot0~29: 3316 0 0 0 0 5 1 1463 1243 480 110 10 3 1 0 0 0 0 0 0 0 0 0 0 0 0 0 0 0 0 0
