-38
-38
-38
-35
-38
-35
-4
-37
-35
-38
-38
-38
-39
-38
-38
-38
-38
-38
-39
-38
-38
-38
-38
-38
-18
-25
-39
-39
-38
-39
-36
-39
-37
-39
-39
-43
-38
-38
-38
-35
-37
-38
-38
-2
-29
-31
-37
-37
-38
-38
-38
-35
-38
-38
-37
-38
-38
-39
-38
-38
-37
-37
-37
-35
-35
-35
-38
-35
-39
-38
-34
-38
-38
-38
-38
-38
-34
-39
-34
-38
-38
-18
-6
-38
-39
-34
-38
-36
-39
-38
-35
-36
-34
-38
-38
-39
-38
-38
-38
-39
-39
-27
-22
-38
-34
-37
-37
-38
-38
-38
-38
-39
-39
-36
-39
-39
-38
-38
-38
-39
-17
-39
-35
-37
-38
-38
-38
-37
-39
-38
-38
-38
-38
-38
-39
-39
-39
-34
-39
-22
-17
-2
-38
-39
-35
-32
-38
-36
-38
-38
-38
-38
-38
-38
-38
-38
-39
-39
-38
-35
-39
-38
-39
-38
-39
-39
-38
-39
-38
-38
-38
-38
-39
-35
-39
-38
-29
-12
-12
-38
-38
-39
-38
-39
-39
-38
-38
-38
-38
-38
-38
-38
-38
-38
-39
-38
-38
-39
-38
-38
-38
-39
-38
-38
-36
-38
-35
-38
-39
-39
-38
-39
-38
-38
-38
-39
-17
-3
-35
-38
-38
-38
-38
-36
-38
-33
-38
-34
-33
-39
-38
-30
-38
-38
-38
-38
-38
-38
-38
-38
-38
-2
-5
-33
-38
-38
-37
-34
-35
-36
-38
-38
-38
-36
-38
-38
-42
-35
-35
-38
-22
-31
-37
-38
-38
-34
-37
-38
-37
-39
-34
-38
-37
-38
-38
-38
-38
-39
-38
-38
-38
-35
-35
-39
-39
-38
-38
-39
-39
-38
-38
-38
-38
-38
-38
-38
-38
-39
-38
-19
-27
-33
-24
-38
-38
-38
-37
-38
-38
-37
-34
-37
-38
-36
-38
-38
-38
-39
-35
-35
-39
-38
-39
-38
-38
-38
-38
-38
-38
-39
-38
-38
-38
-37
-37
-38
-39
-12
-37
-17
-38
-38
-38
-38
-38
-39
-38
-38
-38
-39
-38
-39
-39
-38
-38
-38
-2
-5
-38
-38
-38
-38
-38
-38
-38
-38
-39
-38
-38
-39
-39
-35
-36
-37
-39
-23
-34
-24
-39
-39
-38
-39
-38
-38
-38
-39
-38
-38
-39
-39
-38
-38
-39
-38
-38
-36
-29
-2
-38
-38
-38
-38
-38
-38
-39
-38
-38
-38
-38
-39
-38
-34
-38
-39
-35
-35
-38
-39
-34
-39
-39
-38
-38
-38
-38
-38
-38
-38
-38
-38
-38
-39
-38
-31
-2
-39
-38
-37
-38
-38
-39
-39
-38
-38
-39
-39
-38
-37
-39
-39
-35
-39
-6
-38
-38
-35
-34
-37
-37
-38
-38
-34
-38
-37
-37
-38
-39
-38
-38
-36
-37
-2
-30
-36
-37
-38
-34
-39
-39
-34
-39
-39
-38
-38
-38
-38
-38
-38
-39
-39
-33
-30
-3
-35
-35
-34
-39
-39
-38
-38
-38
-38
-38
-37
-34
-38
-38
-34
-34
-38
-36
-36
-38
-36
-34
-36
-38
-38
-39
-39
-39
-38
-38
-38
-34
-38
-38
-38
-39
-8
-37
-38
-38
-39
-36
-38
-38
-38
-38
-35
-39
-39
-37
-37
-39
-38
-21
-39
-4
-27
-34
-35
-38
-38
-38
-38
-38
-39
-39
-38
-39
-38
-38
-38
-38
-38
-38
-14
-3
-36
-38
-38
-39
-34
